0.994081:5180 5380 105 190
0.948307:5180 5322 105 190
0.894483:5180 5311 105 190
0.844132:5180 5305 105 190
0.789835:5180 5300 105 190
0.734749:5180 5296 105 190
0.690395:5180 5293 105 190
0.638308:5180 5290 105 190
0.588115:5180 5287 105 190
0.531292:5180 5284 105 190
0.477310:5180 5281 105 190
0.422224:5180 5278 105 190
0.368006:5180 5275 105 190
0.314656:5180 5272 105 190
0.268014:5180 5269 105 190
0.208508:5180 5265 105 190
0.158709:5180 5261 105 190
0.109463:5180 5256 105 190
0.053666:5180 5247 105 190
