5180 5380 105 190:0.994081
5180 5380 105 189.5:0.992739
5180 5380 105 189:0.991003
5180 5380 105 188.5:0.989977
5180 5380 105 188:0.988714
5180 5380 105 187.5:0.987531
5180 5380 105 187:0.986662
5180 5380 105 186.5:0.985715
5180 5380 105 186:0.984847
5180 5380 105 185.5:0.983506
5180 5380 105 185:0.981454
5180 5380 105 184.5:0.980112
5180 5380 105 184:0.979244
5180 5380 105 183.5:0.977823
5180 5380 105 183:0.976640
5180 5380 105 182.5:0.974745
5180 5380 105 182:0.972457
5180 5380 105 181.5:0.969931
5180 5380 105 181:0.968590
5180 5380 105 180.5:0.967169
5180 5380 105 180:0.965749
5180 5380 105 179.5:0.964012
5180 5380 105 179:0.962513
5180 5380 105 178.5:0.960461
5180 5380 105 178:0.958961
5180 5380 105 177.5:0.957462
5180 5380 105 177:0.955252
5180 5380 105 176.5:0.952411
5180 5380 105 176:0.950596
5180 5380 105 175.5:0.948307
5180 5380 105 175:0.946334
5180 5380 105 174.5:0.944440
5180 5380 105 174:0.941994
5180 5380 105 173.5:0.939626
5180 5380 105 173:0.937653
5180 5380 105 172.5:0.935522
5180 5380 105 172:0.932760
5180 5380 105 171.5:0.931181
5180 5380 105 171:0.928735
5180 5380 105 170.5:0.927156
5180 5380 105 170:0.924315
5180 5380 105 169.5:0.921395
5180 5380 105 169:0.919580
5180 5380 105 168.5:0.916423
5180 5380 105 168:0.914371
5180 5380 105 167.5:0.910978
5180 5380 105 167:0.907269
5180 5380 105 166.5:0.904270
5180 5380 105 166:0.900402
5180 5380 105 165.5:0.896535
5180 5380 105 165:0.893142
5180 5380 105 164.5:0.889196
5180 5380 105 164:0.884934
5180 5380 105 163.5:0.879883
5180 5380 105 163:0.876174
5180 5380 105 162.5:0.870176
5180 5380 105 162:0.865362
5180 5380 105 161.5:0.860469
5180 5380 105 161:0.855891
5180 5380 105 160.5:0.851314
5180 5380 105 160:0.845395
5180 5380 105 159.5:0.839792
5180 5380 105 159:0.833794
5180 5380 105 158.5:0.827322
5180 5380 105 158:0.820535
5180 5380 105 157.5:0.813748
5180 5380 105 157:0.807592
5180 5380 105 156.5:0.800331
5180 5380 105 156:0.792282
5180 5380 105 155.5:0.783916
5180 5380 105 155:0.775314
5180 5380 105 154.5:0.766080
5180 5380 105 154:0.756846
5180 5380 105 153.5:0.746113
5180 5380 105 153:0.734512
5180 5380 105 152.5:0.723305
5180 5380 105 152:0.711862
5180 5380 105 151.5:0.700813
5180 5380 105 151:0.689527
5180 5380 105 150.5:0.678636
5180 5380 105 150:0.667745
5180 5380 105 149.5:0.654960
5180 5380 105 149:0.638781
5180 5380 105 148.5:0.623234
5180 5380 105 148:0.607371
5180 5380 105 147.5:0.592376
5180 5380 105 147:0.576513
5180 5380 105 146.5:0.558914
5180 5380 105 146:0.542262
5180 5380 105 145.5:0.524584
5180 5380 105 145:0.506274
5180 5380 105 144.5:0.486939
5180 5380 105 144:0.469418
5180 5380 105 143.5:0.450635
5180 5380 105 143:0.430590
5180 5380 105 142.5:0.411649
5180 5380 105 142:0.388762
5180 5380 105 141.5:0.369821
5180 5380 105 141:0.351985
5180 5380 105 140.5:0.333912
5180 5380 105 140:0.315681
5180 5380 105 139.5:0.299029
5180 5380 105 139:0.281667
5180 5380 105 138.5:0.263673
5180 5380 105 138:0.246153
5180 5380 105 137.5:0.229579
5180 5380 105 137:0.212927
5180 5380 105 136.5:0.198090
5180 5380 105 136:0.183332
5180 5380 105 135.5:0.168337
5180 5380 105 135:0.155157
5180 5380 105 134.5:0.142293
5180 5380 105 134:0.131955
5180 5380 105 133.5:0.120985
5180 5380 105 133:0.111199
5180 5380 105 132.5:0.101413
5180 5380 105 132:0.092179
5180 5380 105 131.5:0.082314
5180 5380 105 131:0.074027
5180 5380 105 130.5:0.066056
5180 5380 105 130:0.059901
5180 5380 105 129.5:0.054218
5180 5380 105 129:0.048457
5180 5380 105 128.5:0.043959
5180 5380 105 128:0.040092
5180 5380 105 127.5:0.036146
5180 5380 105 127:0.032200
5180 5380 105 126.5:0.028727
5180 5380 105 126:0.024544
5180 5380 105 125.5:0.022334
5180 5380 105 125:0.020519
5180 5380 105 124.5:0.018941
5180 5380 105 124:0.016731
5180 5380 105 123.5:0.014995
5180 5380 105 123:0.013890
5180 5380 105 122.5:0.011759
5180 5380 105 122:0.010654
5180 5380 105 121.5:0.009470
5180 5380 105 121:0.008602
5180 5380 105 120.5:0.007655
5180 5380 105 120:0.007182
5180 5380 105 119.5:0.006787
5180 5380 105 119:0.006077
5180 5380 105 118.5:0.005446
5180 5380 105 118:0.004814
5180 5380 105 117.5:0.004498
5180 5380 105 117:0.004104
5180 5380 105 116.5:0.004025
5180 5380 105 116:0.003788
5180 5380 105 115.5:0.003472
5180 5380 105 115:0.002999
5180 5380 105 114.5:0.002683
5180 5380 105 114:0.002368
5180 5380 105 113.5:0.002289
5180 5380 105 113:0.002131
5180 5380 105 112.5:0.001973
5180 5380 105 112:0.001815
5180 5380 105 111.5:0.001736
5180 5380 105 111:0.001499
5180 5380 105 110.5:0.001342
5180 5380 105 110:0.001184
5180 5380 105 109.5:0.001026
5180 5380 105 109:0.000947
5180 5380 105 108.5:0.000710
5180 5380 105 108:0.000631
5180 5380 105 107.5:0.000395
5180 5380 105 107:0.000316
5180 5380 105 106.5:0.000158
5180 5380 105 106:0.000079
5180 5380 105 105.5:0.000079
