0.994081:5180 5380 105 190
0.948307:5180 5380 105 175.5
0.893142:5180 5380 105 165
0.839792:5180 5380 105 159.5
0.792282:5180 5380 105 156
0.734512:5180 5380 105 153
0.689527:5180 5380 105 151
0.638781:5180 5380 105 149
0.576513:5180 5380 105 147
0.524584:5180 5380 105 145.5
0.469418:5180 5380 105 144
0.411649:5180 5380 105 142.5
0.369821:5180 5380 105 141.5
0.315681:5180 5380 105 140
0.263673:5180 5380 105 138.5
0.212927:5180 5380 105 137
0.155157:5180 5380 105 135
0.101413:5180 5380 105 132.5
0.054218:5180 5380 105 129.5
0.000079:5180 5380 105 106
