5180 5380 105 190:0.994081
5180 5379 105 190:0.993765
5180 5378 105 190:0.993686
5180 5377 105 190:0.993607
5180 5376 105 190:0.993529
5180 5375 105 190:0.993371
5180 5374 105 190:0.993292
5180 5373 105 190:0.993292
5180 5372 105 190:0.993213
5180 5371 105 190:0.993055
5180 5370 105 190:0.992897
5180 5369 105 190:0.992660
5180 5368 105 190:0.992503
5180 5367 105 190:0.992345
5180 5366 105 190:0.992187
5180 5365 105 190:0.992029
5180 5364 105 190:0.991871
5180 5363 105 190:0.991634
5180 5362 105 190:0.991477
5180 5361 105 190:0.991240
5180 5360 105 190:0.991003
5180 5359 105 190:0.990924
5180 5358 105 190:0.990608
5180 5357 105 190:0.990135
5180 5356 105 190:0.989898
5180 5355 105 190:0.989583
5180 5354 105 190:0.989109
5180 5353 105 190:0.988793
5180 5352 105 190:0.988478
5180 5351 105 190:0.988162
5180 5350 105 190:0.987610
5180 5349 105 190:0.987136
5180 5348 105 190:0.986820
5180 5347 105 190:0.986268
5180 5346 105 190:0.985873
5180 5345 105 190:0.985163
5180 5344 105 190:0.984137
5180 5343 105 190:0.983506
5180 5342 105 190:0.982559
5180 5341 105 190:0.981927
5180 5340 105 190:0.981375
5180 5339 105 190:0.980507
5180 5338 105 190:0.979323
5180 5337 105 190:0.978376
5180 5336 105 190:0.977192
5180 5335 105 190:0.976008
5180 5334 105 190:0.974351
5180 5333 105 190:0.973483
5180 5332 105 190:0.971589
5180 5331 105 190:0.970010
5180 5330 105 190:0.967879
5180 5329 105 190:0.966143
5180 5328 105 190:0.964407
5180 5327 105 190:0.962907
5180 5326 105 190:0.960619
5180 5325 105 190:0.958014
5180 5324 105 190:0.954384
5180 5323 105 190:0.951385
5180 5322 105 190:0.948307
5180 5321 105 190:0.945150
5180 5320 105 190:0.941599
5180 5319 105 190:0.937653
5180 5318 105 190:0.933076
5180 5317 105 190:0.928340
5180 5316 105 190:0.923368
5180 5315 105 190:0.918475
5180 5314 105 190:0.912951
5180 5313 105 190:0.907584
5180 5312 105 190:0.902139
5180 5311 105 190:0.894483
5180 5310 105 190:0.886986
5180 5309 105 190:0.880199
5180 5308 105 190:0.872623
5180 5307 105 190:0.864099
5180 5306 105 190:0.853839
5180 5305 105 190:0.844132
5180 5304 105 190:0.834899
5180 5303 105 190:0.824876
5180 5302 105 190:0.812959
5180 5301 105 190:0.800568
5180 5300 105 190:0.789835
5180 5299 105 190:0.777445
5180 5298 105 190:0.764975
5180 5297 105 190:0.749822
5180 5296 105 190:0.734749
5180 5295 105 190:0.719517
5180 5294 105 190:0.704759
5180 5293 105 190:0.690395
5180 5292 105 190:0.671849
5180 5291 105 190:0.656775
5180 5290 105 190:0.638308
5180 5289 105 190:0.623471
5180 5288 105 190:0.604925
5180 5287 105 190:0.588115
5180 5286 105 190:0.568779
5180 5285 105 190:0.549917
5180 5284 105 190:0.531292
5180 5283 105 190:0.514008
5180 5282 105 190:0.495304
5180 5281 105 190:0.477310
5180 5280 105 190:0.459080
5180 5279 105 190:0.441954
5180 5278 105 190:0.422224
5180 5277 105 190:0.403283
5180 5276 105 190:0.385368
5180 5275 105 190:0.368006
5180 5274 105 190:0.350880
5180 5273 105 190:0.331544
5180 5272 105 190:0.314656
5180 5271 105 190:0.299187
5180 5270 105 190:0.284113
5180 5269 105 190:0.268014
5180 5268 105 190:0.251046
5180 5267 105 190:0.236998
5180 5266 105 190:0.222082
5180 5265 105 190:0.208508
5180 5264 105 190:0.194933
5180 5263 105 190:0.183806
5180 5262 105 190:0.170073
5180 5261 105 190:0.158709
5180 5260 105 190:0.148134
5180 5259 105 190:0.137637
5180 5258 105 190:0.127377
5180 5257 105 190:0.119170
5180 5256 105 190:0.109463
5180 5255 105 190:0.101018
5180 5254 105 190:0.094783
5180 5253 105 190:0.088943
5180 5252 105 190:0.081998
5180 5251 105 190:0.075606
5180 5250 105 190:0.070081
5180 5249 105 190:0.064951
5180 5248 105 190:0.058796
5180 5247 105 190:0.053666
5180 5246 105 190:0.050036
5180 5245 105 190:0.045774
5180 5244 105 190:0.042696
5180 5243 105 190:0.038908
5180 5242 105 190:0.035593
5180 5241 105 190:0.032200
5180 5240 105 190:0.028885
5180 5239 105 190:0.026754
5180 5238 105 190:0.025018
5180 5237 105 190:0.023203
5180 5236 105 190:0.021466
5180 5235 105 190:0.019414
5180 5234 105 190:0.017994
5180 5233 105 190:0.016337
5180 5232 105 190:0.014758
5180 5231 105 190:0.013101
5180 5230 105 190:0.012706
5180 5229 105 190:0.011917
5180 5228 105 190:0.010891
5180 5227 105 190:0.010023
5180 5226 105 190:0.009707
5180 5225 105 190:0.009076
5180 5224 105 190:0.008523
5180 5223 105 190:0.007734
5180 5222 105 190:0.007103
5180 5221 105 190:0.006629
5180 5220 105 190:0.006077
5180 5219 105 190:0.005446
5180 5218 105 190:0.005051
5180 5217 105 190:0.004577
5180 5216 105 190:0.004262
5180 5215 105 190:0.004025
5180 5214 105 190:0.003788
5180 5213 105 190:0.003630
5180 5212 105 190:0.003394
5180 5211 105 190:0.003078
5180 5210 105 190:0.002999
5180 5209 105 190:0.002920
5180 5208 105 190:0.002683
5180 5207 105 190:0.002604
5180 5206 105 190:0.002525
5180 5205 105 190:0.002289
5180 5204 105 190:0.002131
5180 5203 105 190:0.002052
5180 5202 105 190:0.001736
5180 5201 105 190:0.001578
5180 5200 105 190:0.001578
5180 5199 105 190:0.001499
5180 5198 105 190:0.001263
5180 5197 105 190:0.001263
5180 5196 105 190:0.001105
5180 5195 105 190:0.001105
5180 5194 105 190:0.001105
5180 5193 105 190:0.001105
5180 5192 105 190:0.001026
5180 5191 105 190:0.001026
5180 5190 105 190:0.000789
5180 5189 105 190:0.000710
5180 5188 105 190:0.000631
5180 5187 105 190:0.000552
5180 5186 105 190:0.000395
5180 5185 105 190:0.000316
5180 5184 105 190:0.000237
5180 5183 105 190:0.000079
5180 5182 105 190:0.000000
5180 5181 105 190:0.000000
