0.865044:5246 5314 125 170
0.869530:5245.6 5314.4 125 170
0.875193:5245 5315 125 170
0.880341:5244.3 5315.7 125 170
0.885784:5243.7 5316.3 125 170
0.890785:5243.1 5316.9 125 170
0.896080:5242.5 5317.5 125 170
0.901817:5241.7 5318.3 125 170
0.906450:5241.1 5318.9 125 170
0.911672:5240.4 5319.6 125 170
0.914540:5240 5320 125 170
0.917482:5239.6 5320.4 125 170
0.922630:5238.5 5321.5 125 170
0.927631:5237.6 5322.4 125 170
0.932853:5236.6 5323.4 125 170
0.938516:5235.4 5324.6 125 170
0.943370:5234.4 5325.6 125 170
0.948739:5233.1 5326.9 125 170
0.953887:5231.4 5328.6 125 170
0.959256:5229.4 5330.6 125 170
0.964330:5227.5 5332.5 125 170
