0.856733:5240 5320 128.85 166.15
0.860852:5240 5320 128.55 166.45
0.866441:5240 5320 128.2 166.8
0.872178:5240 5320 127.85 167.15
0.877105:5240 5320 127.5 167.5
0.882548:5240 5320 127.15 167.85
0.887843:5240 5320 126.7 168.3
0.893138:5240 5320 126.3 168.7
0.898213:5240 5320 125.95 169.05
0.903582:5240 5320 125.25 169.75
0.906229:5240 5320 125 170
0.909024:5240 5320 124.65 170.35
0.914025:5240 5320 124.1 170.9
0.919468:5240 5320 123.35 171.65
0.924542:5240 5320 122.8 172.2
0.929837:5240 5320 122.05 172.95
0.935280:5240 5320 121.2 173.8
0.940428:5240 5320 120.4 174.6
0.945650:5240 5320 119.35 175.65
0.950798:5240 5320 118.45 176.55
0.956167:5240 5320 117.6 177.4
