0.757576:5240 5320 63 102
0.762552:5240 5320 62.7 102.3
0.768151:5240 5320 62.4 102.6
0.773483:5240 5320 62.1 102.9
0.778015:5240 5320 61.8 103.2
0.783613:5240 5320 61.5 103.5
0.789301:5240 5320 61.15 103.85
0.794366:5240 5320 60.8 104.2
0.799876:5240 5320 60.45 104.55
0.804941:5240 5320 60.15 104.85
0.807429:5240 5320 60 105
0.810184:5240 5320 60 105.3
0.815427:5240 5320 60 105.95
0.820581:5240 5320 60 106.5
0.825913:5240 5320 60 107.15
0.831156:5240 5320 60 107.8
0.836488:5240 5320 60 108.4
0.841642:5240 5320 60 109.25
0.846708:5240 5320 60 110
0.852217:5240 5320 60 110.85
0.857460:5240 5320 60 111.65
