5180 5380 136 160:0.989899
5180 5379 136 160:0.989899
5180 5378 136 160:0.989626
5180 5377 136 160:0.989353
5180 5376 136 160:0.989353
5180 5375 136 160:0.989353
5180 5374 136 160:0.989353
5180 5373 136 160:0.989353
5180 5372 136 160:0.989353
5180 5371 136 160:0.989353
5180 5370 136 160:0.989353
5180 5369 136 160:0.989353
5180 5368 136 160:0.989353
5180 5367 136 160:0.989080
5180 5366 136 160:0.988807
5180 5365 136 160:0.988807
5180 5364 136 160:0.988807
5180 5363 136 160:0.988807
5180 5362 136 160:0.988807
5180 5361 136 160:0.988807
5180 5360 136 160:0.988534
5180 5359 136 160:0.988534
5180 5358 136 160:0.988261
5180 5357 136 160:0.987988
5180 5356 136 160:0.987715
5180 5355 136 160:0.987442
5180 5354 136 160:0.987442
5180 5353 136 160:0.986623
5180 5352 136 160:0.986623
5180 5351 136 160:0.986350
5180 5350 136 160:0.986077
5180 5349 136 160:0.985531
5180 5348 136 160:0.985531
5180 5347 136 160:0.985531
5180 5346 136 160:0.985531
5180 5345 136 160:0.985531
5180 5344 136 160:0.984985
5180 5343 136 160:0.984439
5180 5342 136 160:0.983893
5180 5341 136 160:0.983347
5180 5340 136 160:0.982528
5180 5339 136 160:0.982255
5180 5338 136 160:0.981982
5180 5337 136 160:0.981982
5180 5336 136 160:0.981436
5180 5335 136 160:0.981163
5180 5334 136 160:0.980071
5180 5333 136 160:0.978979
5180 5332 136 160:0.978160
5180 5331 136 160:0.977068
5180 5330 136 160:0.975430
5180 5329 136 160:0.974884
5180 5328 136 160:0.973246
5180 5327 136 160:0.971881
5180 5326 136 160:0.969424
5180 5325 136 160:0.967786
5180 5324 136 160:0.965875
5180 5323 136 160:0.963418
5180 5322 136 160:0.961780
5180 5321 136 160:0.958504
5180 5320 136 160:0.956866
5180 5319 136 160:0.954955
5180 5318 136 160:0.952771
5180 5317 136 160:0.949768
5180 5316 136 160:0.947311
5180 5315 136 160:0.944854
5180 5314 136 160:0.939667
5180 5313 136 160:0.935845
5180 5312 136 160:0.931750
5180 5311 136 160:0.927109
5180 5310 136 160:0.922741
5180 5309 136 160:0.916735
5180 5308 136 160:0.911275
5180 5307 136 160:0.905542
5180 5306 136 160:0.899263
5180 5305 136 160:0.894076
5180 5304 136 160:0.889435
5180 5303 136 160:0.880972
5180 5302 136 160:0.873328
5180 5301 136 160:0.866776
5180 5300 136 160:0.857494
5180 5299 136 160:0.850942
5180 5298 136 160:0.842479
5180 5297 136 160:0.832924
5180 5296 136 160:0.822550
5180 5295 136 160:0.811903
5180 5294 136 160:0.800164
5180 5293 136 160:0.789517
5180 5292 136 160:0.777232
5180 5291 136 160:0.764947
5180 5290 136 160:0.750478
5180 5289 136 160:0.740104
5180 5288 136 160:0.725635
5180 5287 136 160:0.716080
5180 5286 136 160:0.701884
5180 5285 136 160:0.687688
5180 5284 136 160:0.668851
5180 5283 136 160:0.647830
5180 5282 136 160:0.632542
5180 5281 136 160:0.619165
5180 5280 136 160:0.607972
5180 5279 136 160:0.590773
5180 5278 136 160:0.574666
5180 5277 136 160:0.559924
5180 5276 136 160:0.543544
5180 5275 136 160:0.527983
5180 5274 136 160:0.505324
5180 5273 136 160:0.490581
5180 5272 136 160:0.472836
5180 5271 136 160:0.456183
5180 5270 136 160:0.437892
5180 5269 136 160:0.420966
5180 5268 136 160:0.404313
5180 5267 136 160:0.390117
5180 5266 136 160:0.373464
5180 5265 136 160:0.354900
5180 5264 136 160:0.339339
5180 5263 136 160:0.323232
5180 5262 136 160:0.307398
5180 5261 136 160:0.290745
5180 5260 136 160:0.277641
5180 5259 136 160:0.264264
5180 5258 136 160:0.247884
5180 5257 136 160:0.232869
5180 5256 136 160:0.219765
5180 5255 136 160:0.207753
5180 5254 136 160:0.196560
5180 5253 136 160:0.186459
5180 5252 136 160:0.178542
5180 5251 136 160:0.165984
5180 5250 136 160:0.157248
5180 5249 136 160:0.145509
5180 5248 136 160:0.136500
5180 5247 136 160:0.127491
5180 5246 136 160:0.120393
5180 5245 136 160:0.113841
5180 5244 136 160:0.105378
5180 5243 136 160:0.100464
5180 5242 136 160:0.092547
5180 5241 136 160:0.084084
5180 5240 136 160:0.077532
5180 5239 136 160:0.072618
5180 5238 136 160:0.067158
5180 5237 136 160:0.064155
5180 5236 136 160:0.060060
5180 5235 136 160:0.056238
5180 5234 136 160:0.052689
5180 5233 136 160:0.048594
5180 5232 136 160:0.044772
5180 5231 136 160:0.042588
5180 5230 136 160:0.039312
5180 5229 136 160:0.035217
5180 5228 136 160:0.033579
5180 5227 136 160:0.030849
5180 5226 136 160:0.028938
5180 5225 136 160:0.027027
5180 5224 136 160:0.024024
5180 5223 136 160:0.021567
5180 5222 136 160:0.020475
5180 5221 136 160:0.018564
5180 5220 136 160:0.017745
5180 5219 136 160:0.016653
5180 5218 136 160:0.016107
5180 5217 136 160:0.014469
5180 5216 136 160:0.013104
5180 5215 136 160:0.012285
5180 5214 136 160:0.011193
5180 5213 136 160:0.009828
5180 5212 136 160:0.009009
5180 5211 136 160:0.008190
5180 5210 136 160:0.007098
5180 5209 136 160:0.006552
5180 5208 136 160:0.005733
5180 5207 136 160:0.005460
5180 5206 136 160:0.005187
5180 5205 136 160:0.004914
5180 5204 136 160:0.004914
5180 5203 136 160:0.004095
5180 5202 136 160:0.003549
5180 5201 136 160:0.003003
5180 5200 136 160:0.002730
5180 5199 136 160:0.002457
5180 5198 136 160:0.001638
5180 5197 136 160:0.001092
5180 5196 136 160:0.000819
5180 5195 136 160:0.000819
5180 5194 136 160:0.000546
5180 5193 136 160:0.000546
5180 5192 136 160:0.000273
5180 5191 136 160:0.000273
5180 5190 136 160:0.000273
5180 5189 136 160:0.000273
5180 5188 136 160:0.000000
5180 5187 136 160:0.000000
5180 5186 136 160:0.000000
5180 5185 136 160:0.000000
5180 5184 136 160:0.000000
5180 5183 136 160:0.000000
5180 5182 136 160:0.000000
5180 5181 136 160:0.000000
