0.913353:5231.9 5318.1 138 148
0.918289:5230.9 5319.1 138 148
0.924321:5229.8 5320.2 138 148
0.929531:5228.9 5321.1 138 148
0.934741:5227.6 5322.4 138 148
0.939951:5226.4 5323.6 138 148
0.944886:5225.4 5324.6 138 148
0.950096:5224.3 5325.7 138 148
0.955854:5223.1 5326.9 138 148
0.961064:5221.5 5328.5 138 148
0.963532:5220 5330 138 148
0.966274:5219 5331 138 148
0.971758:5216.7 5333.3 138 148
0.976693:5213.8 5336.2 138 148
0.981903:5209.7 5340.3 138 148
0.987113:5203.9 5346.1 138 148
0.992597:5196.2 5353.8 138 148
0.994516:5191.4 5358.6 138 148
