0.989899:5180 5380 136 160
0.947311:5180 5316 136 160
0.894076:5180 5305 136 160
0.842479:5180 5298 136 160
0.789517:5180 5293 136 160
0.740104:5180 5289 136 160
0.687688:5180 5285 136 160
0.632542:5180 5282 136 160
0.574666:5180 5278 136 160
0.527983:5180 5275 136 160
0.472836:5180 5272 136 160
0.420966:5180 5269 136 160
0.373464:5180 5266 136 160
0.323232:5180 5263 136 160
0.264264:5180 5259 136 160
0.207753:5180 5255 136 160
0.157248:5180 5250 136 160
0.105378:5180 5244 136 160
0.052689:5180 5234 136 160
