5180 5380 136 160:0.989899
5180 5380 136 159.9:0.989899
5180 5380 136 159.8:0.989899
5180 5380 136 159.7:0.989626
5180 5380 136 159.6:0.989353
5180 5380 136 159.5:0.989353
5180 5380 136 159.4:0.989353
5180 5380 136 159.3:0.989353
5180 5380 136 159.2:0.989353
5180 5380 136 159.1:0.989080
5180 5380 136 159:0.989080
5180 5380 136 158.9:0.988807
5180 5380 136 158.8:0.988807
5180 5380 136 158.7:0.988261
5180 5380 136 158.6:0.988261
5180 5380 136 158.5:0.988261
5180 5380 136 158.4:0.988261
5180 5380 136 158.3:0.988261
5180 5380 136 158.2:0.988261
5180 5380 136 158.1:0.987988
5180 5380 136 158:0.987715
5180 5380 136 157.9:0.987715
5180 5380 136 157.8:0.987715
5180 5380 136 157.7:0.987442
5180 5380 136 157.6:0.987442
5180 5380 136 157.5:0.987442
5180 5380 136 157.4:0.986896
5180 5380 136 157.3:0.986623
5180 5380 136 157.2:0.986350
5180 5380 136 157.1:0.986350
5180 5380 136 157:0.986077
5180 5380 136 156.9:0.986077
5180 5380 136 156.8:0.986077
5180 5380 136 156.7:0.985531
5180 5380 136 156.6:0.985531
5180 5380 136 156.5:0.985531
5180 5380 136 156.4:0.985258
5180 5380 136 156.3:0.984985
5180 5380 136 156.2:0.984712
5180 5380 136 156.1:0.984439
5180 5380 136 156:0.983893
5180 5380 136 155.9:0.983347
5180 5380 136 155.8:0.982255
5180 5380 136 155.7:0.981709
5180 5380 136 155.6:0.981709
5180 5380 136 155.5:0.981163
5180 5380 136 155.4:0.981163
5180 5380 136 155.3:0.980890
5180 5380 136 155.2:0.980344
5180 5380 136 155.1:0.979798
5180 5380 136 155:0.979252
5180 5380 136 154.9:0.978979
5180 5380 136 154.8:0.978979
5180 5380 136 154.7:0.978706
5180 5380 136 154.6:0.978433
5180 5380 136 154.5:0.978433
5180 5380 136 154.4:0.978433
5180 5380 136 154.3:0.977887
5180 5380 136 154.2:0.977341
5180 5380 136 154.1:0.977341
5180 5380 136 154:0.977341
5180 5380 136 153.9:0.976522
5180 5380 136 153.8:0.975430
5180 5380 136 153.7:0.975430
5180 5380 136 153.6:0.975157
5180 5380 136 153.5:0.974065
5180 5380 136 153.4:0.973519
5180 5380 136 153.3:0.972973
5180 5380 136 153.2:0.972427
5180 5380 136 153.1:0.971608
5180 5380 136 153:0.971335
5180 5380 136 152.9:0.970789
5180 5380 136 152.8:0.969970
5180 5380 136 152.7:0.969970
5180 5380 136 152.6:0.969697
5180 5380 136 152.5:0.969151
5180 5380 136 152.4:0.969151
5180 5380 136 152.3:0.968878
5180 5380 136 152.2:0.968332
5180 5380 136 152.1:0.967786
5180 5380 136 152:0.967240
5180 5380 136 151.9:0.966421
5180 5380 136 151.8:0.965602
5180 5380 136 151.7:0.965329
5180 5380 136 151.6:0.964783
5180 5380 136 151.5:0.964510
5180 5380 136 151.4:0.964237
5180 5380 136 151.3:0.963691
5180 5380 136 151.2:0.962326
5180 5380 136 151.1:0.961234
5180 5380 136 151:0.960142
5180 5380 136 150.9:0.959869
5180 5380 136 150.8:0.959596
5180 5380 136 150.7:0.958504
5180 5380 136 150.6:0.957412
5180 5380 136 150.5:0.956320
5180 5380 136 150.4:0.954955
5180 5380 136 150.3:0.954136
5180 5380 136 150.2:0.953044
5180 5380 136 150.1:0.951679
5180 5380 136 150:0.950860
5180 5380 136 149.9:0.950041
5180 5380 136 149.8:0.948949
5180 5380 136 149.7:0.947857
5180 5380 136 149.6:0.946219
5180 5380 136 149.5:0.944581
5180 5380 136 149.4:0.943762
5180 5380 136 149.3:0.942670
5180 5380 136 149.2:0.940486
5180 5380 136 149.1:0.939394
5180 5380 136 149:0.937756
5180 5380 136 148.9:0.935299
5180 5380 136 148.8:0.932842
5180 5380 136 148.7:0.931204
5180 5380 136 148.6:0.929293
5180 5380 136 148.5:0.927109
5180 5380 136 148.4:0.925198
5180 5380 136 148.3:0.922741
5180 5380 136 148.2:0.920557
5180 5380 136 148.1:0.919738
5180 5380 136 148:0.918373
5180 5380 136 147.9:0.916462
5180 5380 136 147.8:0.913732
5180 5380 136 147.7:0.910456
5180 5380 136 147.6:0.907999
5180 5380 136 147.5:0.906088
5180 5380 136 147.4:0.903085
5180 5380 136 147.3:0.898990
5180 5380 136 147.2:0.896806
5180 5380 136 147.1:0.893257
5180 5380 136 147:0.890254
5180 5380 136 146.9:0.886159
5180 5380 136 146.8:0.883702
5180 5380 136 146.7:0.879607
5180 5380 136 146.6:0.876331
5180 5380 136 146.5:0.872509
5180 5380 136 146.4:0.868141
5180 5380 136 146.3:0.863773
5180 5380 136 146.2:0.857494
5180 5380 136 146.1:0.850669
5180 5380 136 146:0.847939
5180 5380 136 145.9:0.840841
5180 5380 136 145.8:0.836473
5180 5380 136 145.7:0.829375
5180 5380 136 145.6:0.825553
5180 5380 136 145.5:0.820366
5180 5380 136 145.4:0.813268
5180 5380 136 145.3:0.806716
5180 5380 136 145.2:0.799618
5180 5380 136 145.1:0.792793
5180 5380 136 145:0.785695
5180 5380 136 144.9:0.777505
5180 5380 136 144.8:0.768223
5180 5380 136 144.7:0.760033
5180 5380 136 144.6:0.751024
5180 5380 136 144.5:0.741742
5180 5380 136 144.4:0.730822
5180 5380 136 144.3:0.722086
5180 5380 136 144.2:0.710893
5180 5380 136 144.1:0.699154
5180 5380 136 144:0.689599
5180 5380 136 143.9:0.675130
5180 5380 136 143.8:0.663664
5180 5380 136 143.7:0.648922
5180 5380 136 143.6:0.631996
5180 5380 136 143.5:0.616981
5180 5380 136 143.4:0.604696
5180 5380 136 143.3:0.585586
5180 5380 136 143.2:0.568114
5180 5380 136 143.1:0.551461
5180 5380 136 143:0.534262
5180 5380 136 142.9:0.512149
5180 5380 136 142.8:0.491400
5180 5380 136 142.7:0.473928
5180 5380 136 142.6:0.456456
5180 5380 136 142.5:0.441441
5180 5380 136 142.4:0.424515
5180 5380 136 142.3:0.405951
5180 5380 136 142.2:0.384930
5180 5380 136 142.1:0.366912
5180 5380 136 142:0.346164
5180 5380 136 141.9:0.323232
5180 5380 136 141.8:0.300846
5180 5380 136 141.7:0.285558
5180 5380 136 141.6:0.263718
5180 5380 136 141.5:0.247338
5180 5380 136 141.4:0.227955
5180 5380 136 141.3:0.213213
5180 5380 136 141.2:0.196833
5180 5380 136 141.1:0.185094
5180 5380 136 141:0.168714
5180 5380 136 140.9:0.154518
5180 5380 136 140.8:0.141687
5180 5380 136 140.7:0.127764
5180 5380 136 140.6:0.116844
5180 5380 136 140.5:0.109746
5180 5380 136 140.4:0.100191
5180 5380 136 140.3:0.093912
5180 5380 136 140.2:0.089544
5180 5380 136 140.1:0.085449
5180 5380 136 140:0.078078
5180 5380 136 139.9:0.074529
5180 5380 136 139.8:0.068523
5180 5380 136 139.7:0.061425
5180 5380 136 139.6:0.055419
5180 5380 136 139.5:0.048321
5180 5380 136 139.4:0.044499
5180 5380 136 139.3:0.042315
5180 5380 136 139.2:0.039585
5180 5380 136 139.1:0.037128
5180 5380 136 139:0.034125
5180 5380 136 138.9:0.032487
5180 5380 136 138.8:0.030303
5180 5380 136 138.7:0.027573
5180 5380 136 138.6:0.024570
5180 5380 136 138.5:0.023478
5180 5380 136 138.4:0.021294
5180 5380 136 138.3:0.021021
5180 5380 136 138.2:0.019110
5180 5380 136 138.1:0.017472
5180 5380 136 138:0.016380
5180 5380 136 137.9:0.015288
5180 5380 136 137.8:0.013923
5180 5380 136 137.7:0.013104
5180 5380 136 137.6:0.012285
5180 5380 136 137.5:0.010647
5180 5380 136 137.4:0.009828
5180 5380 136 137.3:0.008463
5180 5380 136 137.2:0.007371
5180 5380 136 137.1:0.007098
5180 5380 136 137:0.006279
5180 5380 136 136.9:0.004641
5180 5380 136 136.8:0.003549
5180 5380 136 136.7:0.002730
5180 5380 136 136.6:0.001638
5180 5380 136 136.5:0.001365
5180 5380 136 136.4:0.000819
5180 5380 136 136.3:0.000819
5180 5380 136 136.2:0.000546
5180 5380 136 136.1:0.000273
5180 5380 136 136:0.000000
