0.989899:5180 5380 136 160
0.947857:5180 5380 136 149.7
0.893257:5180 5380 136 147.1
0.840841:5180 5380 136 145.9
0.792793:5180 5380 136 145.1
0.741742:5180 5380 136 144.5
0.689599:5180 5380 136 144
0.631996:5180 5380 136 143.6
0.585586:5180 5380 136 143.3
0.534262:5180 5380 136 143
0.473928:5180 5380 136 142.7
0.424515:5180 5380 136 142.4
0.366912:5180 5380 136 142.1
0.323232:5180 5380 136 141.9
0.263718:5180 5380 136 141.6
0.213213:5180 5380 136 141.3
0.154518:5180 5380 136 140.9
0.109746:5180 5380 136 140.5
0.055419:5180 5380 136 139.6
0.000000:5180 5380 136 136
