0.854401:5220 5330 139.05 146.95
0.859336:5220 5330 139 147
0.867288:5220 5330 138.85 147.15
0.871127:5220 5330 138.75 147.25
0.874692:5220 5330 138.7 147.3
0.881821:5220 5330 138.6 147.4
0.887853:5220 5330 138.45 147.55
0.892789:5220 5330 138.3 147.7
0.897998:5220 5330 138.2 147.8
0.902386:5220 5330 138.1 147.9
0.905676:5220 5330 138 148
0.908144:5220 5330 137.9 148.1
0.913628:5220 5330 137.7 148.3
0.918563:5220 5330 137.55 148.45
0.924047:5220 5330 137.4 148.6
0.929257:5220 5330 137.25 148.75
0.934467:5220 5330 137.05 148.95
0.939402:5220 5330 136.9 149.1
0.944612:5220 5330 136.7 149.3
0.950644:5220 5330 136.35 149.65
0.955580:5220 5330 136 150
